452
1013
3955
709
5947
749
4612
3369
862
1754
3358
4481
1087
2872
5474
1800
2643
253
2935
940
3557
5554
3648
828
2210
4583
3988
5733
2536
3931
3202
6068
1370
1109
105
818
3761
2631
2639
3264
1559
447
473
5628
4164
4287
5384
1562
2888
5562
471
4457
2671
177
4757
5460
5354
4095
5511
1469
1372
4938
2967
4860
3149
4818
3023
2513
2460
5668
3693
4450
2947
2882
2313
285
5994
2344
2896
819
1317
2514
2656
2899
4828
1533
1516
160
4003
3217
5214
1769
614
5699
4116
5722
468
5469
1070
5012
5176
2841
82
4886
3947
2307
217
2107
2012
72
4500
2365
4018
1834
1875
2238
4891
1661
1338
1071
6069
3408
5522
3084
4369
4799
4640
2740
5715
3300
1506
224
1523
4690
4415
5931
3219
2974
3114
2247
4825
4907
482
3593
57
3245
313
3528
3072
5696
826
1229
4319
5225
4994
2842
1242
1198
5020
5702
390
3427
2519
85
3881
4963
2054
1047
1307
2930
5483
1085
2655
2149
2868
4109
2739
5079
1155
428
3804
1293
723
1172
2327
4252
3662
1676
86
4317
3104
4857
4063
4615
5489
2757
1548
168
3502
4422
3020
2741
3373
3799
4893
1922
4700
977
5751
4408
2137
1178
5318
941
2140
3938
2167
1319
5224
5708
1644
2980
4771
100
4611
2890
5433
3875
2595
2705
3295
4894
1117
670
4000
4631
4633
5956
4709
3488
5046
3884
553
1913
1953
4879
5466
3982
2004
1704
4749
2483
3826
1956
2509
1387
398
4083
4070
5588
706
5825
1483
4839
967
3720
3523
5187
3180
1180
133
37
189
5377
2605
4739
2816
5572
925
2071
4692
3468
165
868
3589
606
1375
5169
317
5133
972
4383
3192
5698
2134
1454
3042
2791
5789
2937
2891
5877
4959
2645
4339
241
1215
2753
5428
478
1464
3419
5896
1809
2587
4743
4679
4733
5462
1640
2223
5162
4597
3928
2925
587
5743
1700
3087
2188
3979
6062
2865
4561
1014
578
5199
2067
4964
1050
250
5387
4869
2099
3791
1840
2524
690
89
3859
3679
5564
4558
5772
6045
1240
2860
2945
640
1345
1246
2022
4085
1171
3710
2003
2150
3062
1207
2673
997
5853
3039
5437
3789
3592
1019
4128
3534
519
3137
1322
4898
2870
3638
2652
2194
4136
1340
1767
1755
3399
5823
1904
2449
1393
687
493
6031
4097
1903
510
3573
752
5198
1945
4118
2428
2106
1230
5388
1292
404
5235
4067
1189
5004
1774
2811
3342
4439
4391
2984
4425
1749
1385
4783
3507
4060
4151
2804
1674
1665
6023
3909
2844
6008
1756
2239
362
581
3637
2079
4096
45
4613
2666
4772
4163
4022
3694
1877
477
457
274
1959
1304
1782
2588
1705
3374
2725
764
3584
3974
2667
2776
2325
5301
1299
1988
5771
4872
1745
3751
4469
2196
5671
4840
3957
3353
5845
1563
1377
5076
744
3636
2390
3057
4
2515
5044
2269
1205
5282
4903
3017
5231
2203
3101
5897
2485
5963
5124
5976
5630
4420
3620
1395
5501
1641
3120
3856
2613
2603
780
2955
1620
5011
3556
1910
2921
1566
3167
5263
5997
1591
1918
5338
514
5781
881
4205
2369
5100
2383
2616
1342
824
2744
3212
3415
1269
1020
4596
1598
2246
47
4573
2995
1815
1371
5013
1450
2143
3907
5780
5921
1670
2851
5711
4259
1057
441
3521
5636
3375
5380
3815
246
4401
716
1021
4224
2706
509
2415
2829
1328
2942
2687
3044
3788
3381
5195
1166
2255
3211
5692
2007
5759
1869
1941
5580
3738
2028
3687
898
2861
14
2503
4620
176
668
1492
1105
2308
3046
4547
5303
4689
2078
729
166
4488
1431
315
3289
3390
4702
2522
3492
3323
5419
4645
3841
4295
3310
183
4543
947
3350
87
1695
307
5874
4498
610
4399
611
2670
2397
5033
608
2559
3341
2157
465
4835
352
5996
2745
2590
2993
5256
3267
5396
1852
2343
1608
1053
4729
4553
4098
2162
4974
5159
2950
2591
3362
3452
647
2193
2793
2420
5287
4913
4806
3539
3459
3403
5261
2037
3118
3854
5884
2755
1086
5397
3699
5891
4656
3873
3569
4115
2986
4275
2596
5192
4909
463
5312
2280
1535
3743
621
3
3544
3763
1748
5031
5865
4760
585
2075
3921
1521
4179
2250
1770
827
6070
4861
4373
4646
1736
2637
2145
2707
1964
3959
3977
3494
3701
486
5495
1463
5265
3473
4492
1358
1258
3239
3536
5908
2989
192
5785
5761
2808
6
3813
3951
4586
3924
1346
1934
1309
1362
4485
275
3187
4477
3654
3768
1478
4479
4750
5134
2273
3664
5089
4280
5043
3759
1600
2934
1341
3527
5490
3425
4185
5718
4836
3422
5592
1412
5244
3133
3715
5068
245
467
905
5779
3714
1968
4973
2700
3155
507
1402
5347
1029
4852
472
2584
4602
650
3529
4255
30
3732
3106
26
4166
1866
2556
3895
470
5484
3152
5098
198
4628
5951
1930
3517
3604
4585
143
5155
2525
3330
5360
1168
4360
953
1998
4437
2760
2532
2174
1858
4787
4566
678
77
1407
39
1726
5571
3868
2627
4577
5210
774
2680
3746
2686
1688
5146
3677
2419
1906
2530
3218
4695
4684
4265
2119
945
479
5861
2256
5783
4773
4967
2835
3129
11
3236
3009
2994
2243
1552
5810
3975
843
561
5184
761
2571
5632
3900
3305
2259
1853
3817
5350
1564
397
91
1413
5372
12
5811
3147
788
3357
206
3614
4183
2965
609
5402
16
3923
4550
2617
3012
3495
2697
2510
146
2408
5486
2222
1124
5610
4785
5204
5515
3882
3280
411
4946
406
3432
5524
5518
1365
3829
3247
3987
3663
1213
5855
4797
4024
99
874
173
3070
1811
1369
1448
2823
2533
1697
2641
2875
4594
3216
1042
5703
2732
3173
4140
5019
3615
1134
1300
3326
1132
3238
4006
1056
1762
2527
562
1609
3066
5373
3124
22
5438
1357
424
4502
5584
5917
5002
1980
1126
4708
4629
5237
3935
1493
1329
4033
1074
2949
4845
2903
5505
4666
845
1526
4066
4856
4331
5788
4542
4541
4263
3558
3497
2124
2240
4560
5121
4662
4875
1949
3897
3891
2849
4671
433
2801
2356
699
4412
4184
4158
2444
1472
5063
1830
5582
3576
4318
5539
4916
554
649
4722
5765
1285
4186
4177
3424
5946
1052
2518
4068
4876
153
4238
4957
4100
5181
3426
27
4367
4188
1022
4868
626
3643
1098
5122
61
5014
2962
839
3564
5072
5657
3464
239
4701
2230
1733
3135
821
3599
5412
4654
2535
419
3997
4077
296
1496
5973
387
840
5646
1494
962
2714
5400
664
2648
5497
2310
996
1475
2560
1667
2799
476
380
5667
5728
420
4202
856
5059
341
1391
344
1004
2332
2759
2975
1452
2498
1457
4026
3822
4279
5805
3787
4123
5456
389
2083
5417
3925
4682
4231
864
3850
1838
4528
2466
4409
454
5492
6016
93
5359
1831
4941
1892
3795
412
5806
3772
3461
5228
1819
3748
3205
810
550
807
4432
3256
1509
993
5907
2108
5596
3912
6015
4459
5025
4713
760
742
2401
4120
1854
6019
3920
2379
2523
2017
576
4981
811
719
5183
4864
1991
5903
2231
3034
2679
5649
1436
5110
1260
5285
1797
149
1127
4137
4763
3530
3555
2241
3756
5886
5485
2081
2507
1122
3436
1791
867
2747
3091
2727
4189
1095
2176
2127
5136
679
3702
4041
605
3650
5773
4960
4230
2141
1551
3237
2929
4173
2586
2187
1545
4524
1865
1974
4114
2672
4476
1612
1040
3263
4853
3487
3203
695
5721
2836
1227
4805
2388
4758
3814
5465
5916
1275
4207
148
942
5829
2263
1125
607
3862
2723
5442
4487
4012
2977
240
1333
3624
652
4246
2594
5535
4587
3905
4800
989
734
2015
4731
234
3673
5457
4396
3071
3767
1251
2115
901
3980
4386
3161
257
5494
1844
4979
1882
1119
2985
1143
4382
5860
4305
3889
3996
1530
4919
2640
5742
2213
4565
3296
2876
4161
4778
5924
3026
1397
4506
569
1337
5421
1868
1430
2322
4908
987
5688
3871
560
552
5251
5944
501
5972
3719
373
2248
4152
4655
1210
5685
5665
2874
4635
2221
363
2048
5055
1915
2601
456
5459
6022
2237
1863
4482
1161
5802
3491
2718
135
4473
4174
2267
5129
1091
4390
3437
2668
3329
158
634
1284
212
913
3377
3279
1500
5815
3839
3665
0
3013
368
2272
2362
5423
1306
3851
1975
5706
3603
1142
5403
2113
1181
1737
2277
4316
4344
517
5514
151
4850
5894
5536
693
1334
1049
5905
4854
1534
4245
4244
2437
5041
4301
5185
5880
1776
5953
1378
3331
3736
1628
3972
1023
1262
2027
2358
1925
2094
711
4706
4011
835
3284
1434
5777
710
225
5959
2338
1859
3898
4379
4434
3607
2539
1474
4676
5969
3827
5574
2883
782
4841
2169
2796
3764
4370
6041
4526
529
1601
284
3088
2576
2552
919
3729
1193
5958
4299
3794
1537
3744
4659
5893
5627
2733
5651
3937
5504
1713
1368
5130
5355
4680
5086
4712
2208
4206
1879
985
2364
327
3969
2764
3730
5273
336
1768
120
3128
3083
5295
1806
5579
4616
1248
1581
5439
2407
3622
3154
4866
3132
2260
5890
1637
2059
598
195
910
4580
4079
5276
817
1326
141
5752
1862
5219
2320
1813
5975
4165
3927
2780
5615
4862
5351
2826
5756
5604
4203
1280
5902
4125
1202
4293
1027
4268
5852
1990
3554
2775
294
2809
4747
1781
3125
5264
3010
276
5741
4895
1107
2838
2713
2058
2348
2901
3713
4444
5243
159
429
4978
2748
2833
1654
718
1008
3134
1527
3597
2403
5768
4050
320
1295
4858
1405
3378
1957
746
3908
2954
277
5142
3291
3785
4233
70
3274
220
5429
5040
4427
150
1367
4920
3081
5083
3148
3956
1686
4915
1525
3490
5077
3816
497
5168
3950
6012
3844
1017
3803
1471
3079
2005
2662
322
4781
1089
1680
432
524
353
5211
186
1099
636
4950
6038
5138
1623
3760
522
346
97
292
18
536
4411
2624
861
3618
2014
5383
5132
5941
3742
2840
5869
5915
1184
5654
4495
5957
1320
4002
4505
4648
4811
4705
775
3493
4148
5731
1327
1350
4668
495
2381
40
685
2785
2200
3166
4086
4429
1795
4634
2856
1259
4499
3108
4677
613
3322
5672
4402
2249
2873
3992
3122
2501
846
1512
1330
4153
4286
5735
2034
2205
1279
5123
3496
805
982
1808
1740
3903
1714
1090
5048
5644
2133
2778
2558
4449
3352
3838
3545
816
6026
4428
1907
1488
2180
2008
5717
1987
4204
978
5023
4315
5892
4073
4447
2632
300
3602
3185
2578
935
4235
2251
970
727
2359
2869
464
705
3008
2979
48
4691
3855
164
3439
3830
365
6021
3311
4324
1897
3504
5154
1732
1743
1432
3348
74
713
5080
3563
1513
4965
4627
1614
4264
2092
3482
3073
5798
5577
3338
4458
3880
5027
3335
3954
4196
1253
1753
2336
3174
2168
80
2615
6057
267
4337
5313
3754
1158
2904
3252
5635
2750
6047
1696
4254
2209
5680
1232
4664
107
1081
498
2867
3250
5786
3990
1069
1015
5910
1577
1751
2853
4951
3866
897
1796
5546
2076
3651
3199
2220
3069
4847
4922
2270
3443
1682
2013
5230
2227
243
4877
226
1348
2038
5206
4673
5754
4489
1920
858
3307
1010
4830
2368
1547
4834
5283
3711
2717
4212
2486
69
262
3276
132
1839
3696
5643
3319
4470
6006
4571
4057
1185
423
6067
754
4930
2433
3566
4512
6061
3196
2
3626
4961
2139
1573
5912
1650
748
2761
449
304
3660
4172
1985
2016
265
4001
2893
1738
3999
4814
233
3498
2454
4766
3159
3165
3994
4609
5868
4438
445
3346
2991
3782
3723
485
508
2710
1276
1243
1255
4813
4249
349
4539
4276
444
5418
4107
2703
323
1245
5197
2636
492
2257
2722
4815
1689
3285
1588
5472
1039
5131
1441
2862
4088
902
4462
4704
434
961
2663
4952
1611
5427
5349
1459
3064
4288
2276
4863
5163
1687
1657
796
3878
3309
1381
4302
1708
3282
4385
3301
1204
3582
4996
4846
1352
3227
92
6036
2968
2069
3360
3644
1663
1584
5248
4388
3915
5819
3747
2701
750
4776
1810
5525
2431
4348
848
1108
5600
2709
5361
6049
689
108
5697
5239
767
2474
2283
3248
1671
5797
4537
2315
3194
5320
4822
3911
2023
2262
4304
1888
263
3953
1145
2692
1200
2335
121
2988
684
4999
8
2111
5871
3253
488
2906
4600
3595
528
3458
2378
3312
2675
893
4889
4423
2773
854
4559
4653
5317
5954
4308
3757
4998
4761
2738
2229
5774
3893
5165
1423
747
700
5408
2161
110
1167
2175
2492
1582
3480
1850
4403
5870
5727
1758
1938
5782
1150
1144
1102
399
5681
2570
5252
4958
934
4582
1233
5821
5966
2782
2902
4138
2557
5036
2958
4064
1289
3178
2653
2060
1874
4827
3043
1999
865
5647
4340
4215
5173
3293
2691
738
3611
1503
3320
1801
5846
2969
5952
5167
1424
1159
5675
964
2635
125
5605
2385
5302
3836
5594
5658
1497
1084
5653
4643
1479
1771
408
1237
1818
5274
5659
3870
2797
4517
5366
1619
5119
1001
3115
3384
671
4770
270
4021
3315
2600
1666
318
3255
5791
2768
3412
392
2291
2497
4718
4122
4277
733
1742
5242
3053
184
3820
1173
4721
4976
2852
1622
1231
1793
914
4145
1759
1354
533
475
1788
2445
2055
5461
4794
990
5016
1139
5816
1916
2682
4728
5440
5032
704
849
3949
2170
3919
4762
1482
2284
2412
2351
4715
1979
2629
5755
205
1315
5842
417
5982
4094
3796
563
4424
986
2199
2019
992
5115
2789
2649
3777
521
958
5191
1025
3606
287
3697
4474
3260
3475
4480
334
5024
1812
3596
841
6056
4430
161
1693
4914
2711
3516
2093
5236
5113
736
5625
5638
5548
3453
5607
3831
5158
2342
1884
2120
4931
5909
3802
3867
3934
1113
3445
5153
3478
4661
3716
2561
4282
1692
4112
3015
2461
612
4355
2299
3146
4017
3811
1491
4395
2252
4353
2577
4719
3380
4016
3359
66
3610
3032
3037
5395
4080
1486
6039
3740
1096
1241
2414
3834
3585
559
758
3680
5895
656
3865
4101
620
5030
2646
6020
3501
1718
3561
4509
1967
2790
4303
1870
474
756
2442
2370
1544
3579
190
3465
5523
2659
1911
371
1701
5431
5141
1364
5269
5585
751
2548
5356
3345
5950
3223
4335
3892
4831
2105
5217
4486
658
5430
2830
3298
1174
3158
1867
1005
1528
4725
56
2361
3509
1638
1902
5420
4714
4193
3324
340
1351
2619
1649
769
96
1312
2049
193
5978
5701
3971
1524
5543
3243
2360
5551
2554
645
3707
2690
4977
879
384
6048
2032
1887
3429
5042
6040
2152
3140
5266
580
1429
297
5026
591
4154
4990
3586
3294
1477
4549
4110
3416
55
3364
1433
5125
770
5558
4398
5194
875
5986
5814
51
3609
2574
2504
2678
1744
1076
1188
5748
1784
3085
627
3976
3340
4657
1453
1222
4039
2011
1141
4004
4717
3025
4327
1419
3462
2287
1864
4037
5560
5414
1765
2392
4769
5867
5148
5887
3712
6005
5929
1976
2704
370
2854
2331
4468
5342
3355
2097
170
3107
2543
5544
5336
789
4792
7
3004
632
232
1118
3153
29
2664
2311
3190
3394
1613
213
128
1274
799
4261
4618
306
5126
5290
5344
283
4892
1336
5532
3406
5732
5826
4015
4283
1571
1507
5720
829
5374
667
5081
1361
815
778
2915
2479
2458
1217
4545
1163
823
5292
2400
4670
1410
1018
308
38
2218
4090
1252
5591
3967
5245
2894
3812
944
5942
2960
3344
680
60
5612
2999
523
885
44
732
1343
6004
377
2944
4440
180
2242
4455
1373
5563
937
185
5370
1072
2920
1621
2215
2807
4619
5983
5833
1977
5835
3261
4311
3371
735
5180
1570
502
2464
5793
2788
5286
2900
5945
894
2638
3572
2301
3876
3393
3435
4878
3024
4413
3633
5758
4381
1244
5977
5864
4599
927
5763
2047
1917
28
5863
4777
3151
5135
5166
4069
2467
2394
2039
1033
5617
5432
4697
2138
3682
2625
1572
4294
4896
4678
877
3038
207
3601
1711
2046
357
3456
4570
3621
4139
2100
1250
762
3885
2159
4572
1698
5311
1940
592
2330
857
803
1460
3752
3551
2190
5139
2090
1194
4160
3847
5037
5150
2142
3659
2609
3231
3958
52
4407
2226
556
5878
1668
2482
5368
4730
3171
4187
1183
3234
2592
939
2118
3288
248
84
5550
3054
5250
532
3207
6025
314
4703
2447
3241
152
3810
4590
1388
5738
1228
5145
4986
4515
3792
2905
3916
2347
4501
5684
3014
5249
5321
2879
1131
1428
3275
866
1283
4598
5700
838
1111
586
4213
2204
5365
2550
575
3428
3930
3096
4698
960
814
1238
4819
3176
1746
53
1083
1476
3984
5348
5458
1427
5241
2430
3466
2261
4431
511
5151
337
5955
6066
5053
5537
4672
5476
3405
4071
5984
1605
3948
4663
4756
254
3249
666
3515
5622
2355
5513
686
1845
3413
491
5928
2892
860
4899
3156
2990
2053
5277
3080
237
4065
1325
642
3598
5595
2651
2598
2452
4076
4955
825
1932
2216
5569
2746
1170
3567
3097
822
1489
3578
547
1763
2508
1855
3543
1557
887
4442
188
4326
4956
2919
3313
4106
2072
2095
4162
462
5177
2300
4366
5640
2880
65
5058
4493
4870
2702
5542
5730
2820
4887
1832
4195
403
2494
273
1604
1000
2520
1266
763
5315
350
955
4310
2421
1518
5601
2582
707
1121
5849
4768
4674
912
5221
4707
1786
438
4513
2660
2712
2446
869
4989
1055
187
4062
1310
1411
5764
3940
4740
4028
604
1003
5300
2051
4732
4270
3318
1983
891
950
439
2681
3973
64
2491
2971
4637
3538
5127
3685
4320
5841
5278
6054
2184
3372
4765
2810
2997
5218
6035
5990
5364
3642
4755
3608
2258
2123
4884
3708
3547
3387
2006
2096
351
4146
41
4232
1038
899
1616
31
4092
712
2179
1366
5787
1646
4168
3952
4243
906
797
622
4025
3522
1630
4514
1140
2418
2021
570
1439
1783
4966
2618
3797
1075
5534
3302
4809
5664
3731
413
1702
949
5144
155
2282
5809
5586
3531
3500
88
2290
2387
1656
1511
3351
5117
4105
506
5677
889
3179
5503
4103
1236
771
4448
1421
1360
5029
5882
4417
1470
2848
5790
5948
5078
4529
4622
1946
2064
4983
1100
2371
722
5445
3063
1007
4389
5919
872
4675
4636
3575
5766
5729
2470
5175
303
1499
2734
2758
5690
2080
5517
1024
494
1955
5114
4129
4178
1398
5673
1658
675
5974
2487
1538
5073
655
4134
1928
5101
4124
4356
5398
5015
2156
5000
916
3186
2324
4345
5507
3629
256
3113
4082
3198
2110
6037
286
2913
2443
4472
298
2000
4130
2551
820
2626
4906
1223
2729
2349
3681
5529
2593
289
5487
601
1137
2783
2878
5095
385
2943
593
994
3233
3784
4084
5881
2696
5473
4218
3703
4117
3541
878
2908
2041
3398
1707
5021
2366
5493
1950
2278
1462
1376
1735
5831
2219
2375
5965
701
2786
4099
1543
1936
3304
1435
2281
2623
6002
1247
33
1599
1401
2481
6042
674
904
3485
5898
5209
5567
5940
715
4010
2035
1235
5259
261
3577
3049
2912
988
4686
62
5289
4764
1066
579
5705
3666
4696
209
3278
5065
5670
1937
142
4649
2987
3691
3117
4890
644
2001
4644
1924
1138
3058
3018
4625
5147
3828
3484
2309
5092
3758
3750
3514
5888
5386
4540
3505
683
1760
3845
3092
1135
3745
1554
790
5378
5480
3041
4297
179
5451
3778
2822
1823
1826
809
2531
3143
6058
1176
3215
4943
3532
3145
5679
5452
5737
6064
525
979
2998
5712
842
4175
1731
1901
4266
4463
956
504
4341
5425
5851
1635
3524
2453
1789
5306
1971
2319
3722
2683
568
5411
2296
4741
1561
1672
3316
4194
305
5533
200
4567
2065
236
1414
5813
3966
103
5477
222
3007
597
3901
6060
4131
5498
5645
379
1634
3896
4735
3000
4312
290
459
659
3089
139
1271
4511
272
1443
512
5404
3003
4013
4362
4091
4782
1639
2566
202
5943
4247
1632
1981
5589
1239
4808
2062
535
4521
2265
1515
5850
2959
4639
850
4614
5608
174
3254
3470
4991
1415
2774
3798
3119
3258
5988
2189
2340
3308
2326
396
2957
5405
4236
3246
3773
4445
2413
5478
1653
1129
837
1061
628
5104
4904
2128
4660
1825
5091
2821
252
5762
1747
4588
203
1681
2751
4197
4061
3981
67
5178
2871
5272
2244
4530
5467
6001
1221
2819
1926
5007
3632
1037
1896
3860
17
2112
2771
458
2178
3272
2151
178
3705
5376
2477
5857
516
1187
4968
1883
2063
5039
2114
405
3499
2981
5581
4933
2104
813
5911
278
1442
5258
3150
440
1766
3630
3430
5389
2864
4562
4606
2214
520
4984
2749
3864
3388
4132
5812
2380
410
117
1684
5830
5626
102
2585
1891
5804
2372
1942
5799
83
3206
5128
2135
4779
1064
1035
4354
4608
5441
2333
3160
4575
558
3460
3463
1353
5935
2468
5157
5331
3728
665
2644
3807
1216
5873
2832
2924
853
1717
5008
5316
114
5862
3790
745
980
4949
1775
3169
2206
4045
4121
1318
5140
4321
5674
682
4533
197
1567
326
2173
5541
3090
4911
4544
1690
1835
19
2565
5202
5740
784
4595
466
2735
1455
339
5160
1590
2730
4334
1899
3332
5362
4181
5552
3600
1889
3625
2026
1186
49
530
2863
2699
3363
6027
5328
4242
4838
2144
3998
1531
3686
4576
1885
3964
5987
5937
6033
3779
5770
2911
5650
5938
5018
3197
681
4198
1192
20
2082
3059
1982
2772
3766
5967
1821
281
5889
1939
4453
3303
5872
2737
1636
2147
3078
68
24
5906
4418
3616
5734
662
231
427
2367
201
1383
2843
2473
2763
1565
2887
4325
3055
5307
2886
2109
1569
5409
5094
1963
1970
1550
3887
3510
4272
5453
112
1298
3476
3672
3221
2877
312
2121
1286
5932
5900
2212
2939
5196
831
2033
2928
3926
5143
2567
181
4157
5795
4371
3354
1558
309
2087
930
4042
2544
3684
2828
5443
5255
4421
1833
2404
2183
4623
2506
5116
2024
3200
2964
2953
3105
2393
2724
1331
1291
3560
2996
1568
574
4176
4113
5663
3739
2602
1842
4910
1154
1664
896
126
1553
118
1065
402
1960
5568
3823
6028
779
2423
781
2769
4169
5933
5918
4126
4883
2224
1026
6044
1077
5725
4314
1302
1468
3640
5540
5291
5509
1165
1966
2153
3559
2192
4503
1078
4394
3857
5208
5609
2512
5305
42
1164
639
5499
3819
5656
3389
2424
4812
3646
259
95
4918
4104
2496
1146
251
4052
909
1761
921
981
3068
1226
2674
169
3700
638
2439
5583
883
1741
2488
5049
3724
5655
4306
1363
2202
1919
2608
4746
1952
5271
4460
5482
3481
175
4171
2779
3910
1529
4523
5171
500
1881
421
1396
900
2927
3726
4969
1642
1827
400
834
3513
2610
3110
5820
4980
5745
1541
6043
3652
1961
3281
5260
1133
4467
4180
5358
2581
1151
3518
3098
5001
3989
965
1715
4483
2236
140
401
4102
4796
5090
4040
5827
2233
227
1677
2386
3858
4289
3123
1814
3690
5087
5836
5335
437
162
1861
2825
2824
2129
3961
3337
356
5253
572
3846
3645
3906
3028
1438
564
513
3002
5526
5687
1458
3021
5323
721
4954
5137
4253
3842
343
1546
1093
5324
3440
1520
1147
5422
4089
3230
915
3574
3853
199
1921
1466
1790
1951
968
4624
2480
4784
75
3299
2736
1851
2607
5381
1933
324
4849
1779
6009
4798
5936
1989
4248
4552
3933
116
4049
1522
4199
376
5553
1618
3075
1437
3183
3886
660
5448
5226
2312
3208
595
3349
4520
1136
3100
119
3099
2837
2684
976
5686
1794
571
1943
5989
331
2694
948
3226
5682
2914
4688
5843
4651
1323
1191
5268
3939
1764
812
4384
542
4143
1101
4897
4031
3112
4336
109
4278
5346
2538
1311
2098
1824
490
2698
4934
2521
3168
4051
635
4621
5723
603
54
2357
1177
5520
2316
646
395
4307
5796
1505
2895
1595
2045
3902
2665
1308
2286
1051
3036
589
2462
4832
4035
4328
5778
4147
4658
4075
1954
4372
144
5753
3688
5379
669
4694
1624
5050
6013
4007
1044
2197
952
2339
549
3801
1829
138
4210
4578
2528
1986
5760
3737
3835
5923
3917
5057
4871
540
1359
5238
1777
422
5216
2426
90
1804
2917
3631
1532
936
3550
446
5691
4009
1416
194
4216
616
1972
4982
2938
2288
4078
1501
5714
1406
2217
4257
3765
1580
4921
366
2982
3741
1992
794
218
2752
1542
880
2628
503
1257
2569
1778
2606
4944
1969
4392
1409
4141
431
1219
4201
3503
5034
3941
2389
624
917
4352
5767
3366
1510
4135
4414
2314
442
1261
25
3769
975
3438
3001
1607
876
2346
3477
2450
928
5616
4005
3367
5803
247
6018
786
631
1445
5704
4855
1426
3240
555
4997
223
4471
5047
2716
1752
1265
23
677
364
5332
1798
918
1447
1706
4240
4610
2042
5979
4579
4058
5234
1576
2056
3657
5298
1900
783
1973
2172
5088
1722
1556
1106
1162
2405
3052
1249
4638
4475
2395
4532
255
2784
13
2731
3385
3361
1063
1699
5652
3109
623
4843
946
2171
409
3423
1895
1848
4932
3863
6063
4023
1179
859
2970
2122
5161
3540
2916
1893
3656
2398
1481
1156
5352
4873
4377
557
2720
3634
4699
654
1288
3392
2025
1130
5641
3780
34
2303
1031
3379
5463
4734
1384
2540
5319
4924
567
228
2465
2455
4736
6065
1389
4342
3409
2103
113
4182
5949
2154
3448
3365
998
1278
9
78
3533
4665
2085
443
3613
5964
5683
2634
46
3617
4591
5618
4519
3879
1847
5340
2323
1694
367
5297
3678
3204
4632
5561
5875
2186
4119
1593
2922
4227
5075
3775
4534
4804
249
1878
2126
4851
5339
2031
2897
1296
6051
1712
3970
1079
2489
3061
5446
5914
6011
2088
2685
5182
230
2050
5904
3095
163
5084
618
394
2770
1583
5401
2633
4454
1807
3411
2978
3467
393
4393
5726
3333
5822
971
2493
3627
2931
382
3051
4330
1828
806
5981
4885
1606
3060
415
3222
5062
5642
2402
2814
3852
1719
3506
430
2345
4269
4881
3548
2855
4745
5832
4720
4034
5693
3991
1560
1780
4419
4829
5834
3446
2285
5807
2373
1750
1579
777
3067
2940
3944
5385
2352
3848
4241
3265
453
1993
2583
3945
5971
3035
5240
1729
3843
5606
3417
5547
3442
4338
3641
5215
5334
3771
3273
5074
2956
2767
4256
731
882
4347
5149
5913
6030
2765
4753
6029
260
3993
2677
2146
2973
4780
5599
766
3065
1201
4962
5105
2471
4723
983
2555
1876
5309
4518
5322
4167
1574
3407
3786
2396
3526
1422
5491
2742
4332
1182
3692
1843
3675
2622
1088
4816
1805
3755
1355
1555
5327
3356
792
5035
4281
1408
4200
76
932
1303
2839
724
1382
5009
3232
1116
991
1502
1199
527
957
436
5993
1629
5220
3469
4191
966
2726
4446
5629
3639
3292
1679
5968
5603
759
4226
2728
5808
4801
2354
79
920
2422
2813
5899
3605
1110
3837
2334
2337
2620
4867
5619
851
583
4368
4296
3397
3189
895
1263
221
4214
5207
1662
481
115
4905
1586
383
3783
1456
3706
3093
1473
2293
3552
5294
5369
111
5980
2817
369
4995
1585
1846
6014
5345
1128
3131
5847
855
3444
785
3201
5719
3667
4364
5455
4617
10
136
5962
1196
5633
1857
923
4074
2382
5450
5598
130
4250
3283
5436
4652
388
4557
5925
5590
4752
1929
3800
3658
1
5416
1392
5028
2972
4953
5038
3184
1923
2611
3483
4359
1234
2545
959
2541
565
3271
5471
5205
3978
4150
32
1418
5213
3695
1281
4484
4917
1380
3683
4508
1461
1267
753
4748
5713
4641
1254
3163
3770
4738
3126
4239
4525
505
4343
3386
4046
1103
5296
3733
1379
215
1485
5293
625
4759
5112
1175
1104
3932
3421
832
2961
3144
5060
5999
726
3877
615
3781
3451
5678
4531
2052
5666
4209
2363
772
1997
2850
4555
4987
3986
4376
4333
1480
1633
4156
4683
1996
4824
2374
1273
2376
1643
1425
5637
5270
5631
5859
2909
43
1880
4737
2271
2020
6050
6046
2084
1615
2951
1399
5061
3447
2353
4229
460
5695
3472
787
863
1059
933
1197
2298
2232
4650
59
2800
543
1886
2526
2429
1597
3581
3286
4942
407
5570
538
663
3224
5246
1002
4592
3050
2630
5879
4823
1727
5689
4054
3674
5479
258
5410
2534
1651
5284
6024
924
4607
1030
171
2818
2073
2102
480
4208
4710
6071
131
483
3314
3542
4291
4496
3591
2715
4133
1872
1347
4490
1152
890
5212
5233
1314
833
3210
1006
3985
1519
801
2963
2756
5939
1856
5227
5475
4465
5775
5512
730
