4716
1075
3026
5947
1481
1891
327
111
5909
2287
2674
2649
1889
3564
2626
3046
1641
618
1886
1986
6047
5844
4154
4261
5800
2944
4049
4118
5021
5804
4295
1549
4572
220
4921
1162
5918
2025
3437
4396
3459
2734
2845
501
5829
5676
448
1953
62
5850
1388
3089
1412
4556
1474
5117
2964
4824
675
887
1103
4136
3404
5013
4348
5733
5429
3739
3508
3306
3583
1022
5286
4077
5289
2602
1078
3158
861
5408
1422
1832
137
1844
173
762
1495
3165
4647
1613
3263
262
3660
1601
3372
3795
5693
5038
4676
3124
2668
5877
2531
3273
3852
2610
954
3617
4594
1528
1544
5839
1214
4406
1771
5349
4083
4128
1912
5765
4407
4658
1972
1963
2160
5743
1499
5191
2961
4872
1956
4456
2098
1227
672
1105
22
4308
5042
1767
4539
1433
1339
2549
4349
4642
4605
2853
4113
3930
4869
1490
3203
1033
2927
3785
2013
2563
528
5687
3051
4815
5397
4479
5720
383
2116
5764
780
1485
3578
725
5019
3216
1059
4131
526
3618
1023
3838
2774
4847
504
1111
5722
385
2778
658
44
5460
2970
288
3851
3326
3733
1602
3240
869
31
5801
1740
1475
5237
2286
4466
583
5994
1399
915
5561
4093
4129
3586
315
2082
4909
5281
2415
5941
3451
5648
1413
4580
3303
2538
3121
1682
3988
5134
4074
1892
4245
2444
4307
5790
4639
1655
2901
2472
1070
3567
3597
5564
1898
1635
3944
3472
4161
5339
1800
1222
810
4277
3176
1538
1263
2000
912
1853
4230
1456
4201
4606
5251
765
3560
3339
5820
666
649
5252
4695
937
2189
1533
1154
2048
3890
1473
2755
977
972
3080
3315
1730
2020
939
5396
1614
2647
4066
1610
2767
3367
3197
621
5515
623
1736
2597
2619
4223
1903
444
4509
2450
4489
1717
3223
1486
3433
740
3849
1657
4935
4593
6070
476
4690
253
2331
4494
3859
1969
664
874
5175
536
2123
2437
5697
2021
2855
3771
801
1542
595
1911
3753
4686
2042
4090
6043
4031
5587
4204
3834
759
1647
4871
1580
4027
4573
4968
909
3679
3552
514
67
230
1400
1129
227
572
135
5495
1597
2091
4773
3997
1905
3715
394
4738
3380
626
3002
4292
1143
218
5287
3381
1990
1180
2371
1896
836
3249
4323
1878
5662
561
467
3174
2672
4603
4334
6001
5466
1743
3911
5966
3973
5997
4278
5742
1699
1153
1453
3732
2017
242
2533
5306
4608
1305
141
293
3059
2703
3624
1450
1563
4630
5341
5599
2149
5314
1461
2031
5244
4488
5128
5099
3979
2865
1543
224
4976
2984
5490
4416
4552
5301
2417
5751
2425
1914
2277
5444
5426
5795
4986
1061
4544
2615
4904
5353
1010
2166
684
1723
4742
1868
1480
2344
456
3398
4001
5840
1755
3667
6054
3323
4867
1505
133
5112
5438
4430
2572
3087
4070
365
1932
4850
1687
76
540
401
3801
2319
968
3520
4858
4631
4896
5417
4662
57
1216
5577
3350
5888
3142
3584
2124
5590
5100
358
6005
5597
2600
221
1491
19
4441
1068
525
2327
982
3348
4146
5317
5072
1778
328
2546
2194
3319
494
2147
1816
46
2874
4651
529
1158
5470
3482
1666
2750
1405
1346
3729
1482
3960
3466
894
1501
1211
2566
1833
2148
1910
349
4823
3224
883
1421
2508
4159
3349
5723
116
3541
1772
2106
4132
4092
325
826
1031
3209
4057
5638
1465
3778
1509
3044
4386
1596
5130
2211
5859
2172
1913
4248
1985
3931
5046
1101
3751
2967
665
5431
3580
3976
1901
4626
4700
2585
5075
2553
4842
3734
3809
61
4981
4258
5023
3553
2664
3464
3445
1247
5908
4427
4674
2229
4124
5165
4469
1915
5940
6059
3971
1269
5788
5637
1166
3587
455
5442
5146
2936
38
4068
1792
458
3291
1113
5786
1744
5400
2429
4065
4759
1012
3005
5392
431
4202
562
5582
5983
3199
4518
6007
101
5097
2
1341
362
2204
4800
3458
4860
2205
1040
5151
5120
3008
2680
36
3140
573
2332
1232
4226
4108
3493
4970
5508
4728
1077
122
4844
2488
2369
5148
360
1206
3500
5215
171
1961
4242
4130
4660
1756
2438
109
4947
1504
2705
1014
694
3900
2446
3649
50
3813
3956
2514
26
1287
5385
2657
5870
5034
4657
5007
1621
2361
1728
1292
2418
3685
640
3022
3982
4749
2869
2127
2635
1719
4661
5475
692
5793
5476
1458
633
2754
1696
2706
4852
2667
169
3601
5980
3914
1640
4286
4475
1893
3803
3792
4557
4019
5867
258
313
1828
2637
1623
2786
3775
2740
163
86
611
5115
949
3794
4967
463
1894
3641
162
5200
2642
2431
6061
2953
5999
926
344
269
1414
5754
3906
4015
5206
69
5778
815
2320
2170
3414
4802
2848
1329
182
5759
4304
2107
3016
4387
4989
5092
1818
336
3833
4743
2840
1257
4388
190
3049
3030
2801
4335
4887
5952
2060
2197
1902
2945
377
2920
3028
615
78
4272
1684
3825
4191
1884
3041
2087
2878
4707
5000
4040
1114
5560
1401
5964
6056
404
1983
3530
790
124
3467
4012
5514
3772
5936
2065
3355
4374
3776
3409
3225
3630
3468
286
5557
698
4591
4021
4632
3658
2860
5220
1546
5731
7
1087
2156
1280
232
2808
3287
2882
1604
785
4208
4007
2455
4966
1895
4953
3683
2067
4827
1175
4255
4838
1168
3676
4269
668
3574
2261
5378
4687
5263
1057
3157
4305
4233
3370
3889
1648
4920
4892
6049
4273
3848
1781
904
5892
2661
4290
4089
3791
4845
4856
5205
2645
2169
1133
3201
3705
3968
782
4024
4067
197
3589
5526
598
888
5315
5386
5724
4744
880
1578
2614
2991
1313
5619
3366
5232
5660
3935
2315
2836
1924
2844
4813
4809
963
1347
4106
2580
5670
2070
1203
3021
4821
2858
1487
723
1843
3503
2797
914
4865
5137
1408
2393
5706
4321
3490
204
3758
4787
134
2695
6028
3196
840
153
5951
2198
4205
2900
4652
4431
3375
4972
4317
5571
3024
4958
5367
3397
814
1034
4915
3904
5792
4627
3943
2190
3346
2881
3878
5002
304
3896
5943
1502
989
5505
4908
5474
3548
5266
2422
5805
6013
4774
3524
4284
5198
3528
1786
4247
4618
1997
5321
3539
2397
5369
2958
3619
3369
5411
225
929
2073
3003
5763
2423
538
5155
558
1511
5862
4721
1410
6031
5178
2471
3706
1172
575
3127
3672
2526
2606
3609
1432
1218
4502
3134
106
4613
2993
4016
3411
5250
498
1049
2032
4493
1917
2677
2187
5842
2698
830
3331
89
5166
118
5355
17
5758
1839
4490
5324
5348
2003
400
1840
2281
131
5845
3731
2972
4370
1951
301
4911
4482
3886
4991
98
3235
5585
5095
4445
5611
3882
5857
2500
3666
3741
4533
5625
5876
4032
5129
5368
2728
4917
1064
2612
2541
144
92
4367
3784
4589
421
2143
845
4753
2880
3555
3912
5202
2484
5337
1350
1009
4746
5085
3448
5653
3257
5708
2550
3869
2443
3189
1838
323
3429
3063
2103
6044
2756
5525
2779
5350
5233
3957
1201
3396
4298
6016
3642
1731
3686
4111
2521
1869
3297
5570
320
4262
4339
3475
4710
1706
2662
2311
4123
3328
2159
969
1934
1174
1139
1811
1398
3279
5302
3762
704
13
3964
4701
1830
1565
1806
5477
1348
2227
1190
4439
3907
3614
5010
1470
4460
3408
4148
3010
3232
1069
752
113
2239
3616
2162
685
2295
1202
3062
5101
5738
1817
4251
16
4372
535
4423
4818
4783
2696
1100
5338
4253
3754
2846
5142
5891
5868
4450
63
1632
4849
1181
4183
1306
4034
2347
81
6035
613
3820
1783
4811
3131
647
3194
5682
5910
1667
4481
3712
2302
4366
2312
1933
5739
5939
5070
1035
853
5471
2653
1685
1589
755
2827
3575
1439
4452
2456
4537
617
4309
3888
4337
3479
4287
4470
3300
5932
916
5282
667
5001
4126
261
2199
161
3861
5512
6037
4457
2805
147
5405
1921
2923
4297
589
5507
193
5977
806
2445
3037
744
408
3723
502
4889
3623
2054
2038
2219
1735
3081
5898
5825
3902
1071
1124
2671
3515
5221
4655
1559
2395
2624
4073
2001
5239
2736
4706
1142
5246
1284
510
4672
5588
6026
4538
308
3637
817
3611
3828
4121
6067
3341
5741
5068
3787
641
2296
2121
2399
3186
3635
5316
3529
2809
4275
5881
3895
3109
1512
5973
5647
2058
2792
4569
3254
3292
760
808
2049
3941
4059
4072
136
2196
4575
231
3735
5678
5462
5283
1724
6020
5627
6030
5518
2617
3639
2236
5073
506
117
1661
2421
3691
1923
4455
4312
33
2571
2105
2539
53
4241
4586
3106
4979
1092
3977
3497
4279
2581
5675
1184
3994
3925
3978
472
4080
5081
3533
3354
5657
4558
1866
545
5418
3767
1267
3099
3325
1995
1577
355
1558
2504
4158
4528
3858
932
4316
5225
837
3207
4249
1980
1629
4467
4526
87
577
241
5020
1695
5781
933
4875
847
872
3178
1086
5275
2454
5679
1253
5473
438
2151
72
5933
2691
419
1802
3806
2364
3929
720
3453
3814
3871
2088
5737
4644
5935
3228
2293
2709
4011
4471
738
5651
256
4527
2777
609
2940
3214
5569
4879
4790
727
2512
3105
1058
4437
4169
3275
2890
123
3060
2044
4052
4515
3612
5558
1167
1663
1709
3967
2986
5346
402
5256
6022
1829
3217
4357
6038
2685
922
4956
829
255
2871
6017
3948
5184
5420
5425
523
5592
5196
5217
3576
4061
1123
1850
2012
5689
4404
5753
5841
21
4166
2494
4932
5415
3547
1085
2720
73
3017
181
5988
4267
4596
4496
5732
285
2540
3565
1438
434
4796
4228
5783
4051
347
5045
5748
1307
4614
1633
750
4013
2622
1259
877
2511
5816
1564
1301
2047
1887
3955
4757
5596
5915
3119
5071
5504
3122
2925
3860
3621
250
5343
5153
5459
5088
3682
1423
4459
4578
1842
3513
2864
3162
5274
5050
5644
2221
3663
4876
4752
5796
4597
5916
3455
2665
5185
5357
332
3280
5601
4762
537
352
5427
6060
3946
784
1974
3192
578
2383
5406
953
816
4342
2134
1479
2220
3867
5334
4048
5218
1019
1406
499
2994
5934
4829
3568
5643
3382
3065
1020
2922
2582
2183
1157
324
4364
2237
3782
152
3558
3173
2856
5370
2578
4933
4582
4484
4808
5062
4193
3013
5703
3894
4117
2996
3264
566
4222
165
1782
955
3450
3043
5633
797
2883
2891
1469
4231
2719
2834
5866
736
629
215
2026
4719
1417
206
474
3420
2825
5433
5887
875
4114
4344
4069
2441
2064
222
3781
4812
959
1380
2136
120
737
2604
1440
5035
5194
1981
3684
4529
3180
2932
5696
587
4363
5139
3347
110
2735
2673
5948
1321
2174
1396
2015
6033
2951
2086
1660
866
3720
3011
4056
3846
4592
1288
4612
1845
551
4803
2823
4443
3749
5090
580
5950
3571
2498
2118
5745
496
1603
5661
1303
3308
2895
2992
2670
1036
5325
5141
5858
3744
1795
4458
3675
5926
424
263
3083
1652
271
3632
2831
4512
2560
5313
1957
843
2459
5048
1389
833
4368
195
1688
4952
509
2270
756
2693
721
4311
773
1024
1909
2389
5771
2789
5798
5012
3909
4395
1908
4693
2822
5132
2517
1749
4880
1003
2235
3399
2948
2230
5319
5186
1364
4045
2069
2392
488
4256
291
2158
3764
4980
3962
764
4837
2378
1904
2188
2290
1028
2203
3579
1294
1711
4877
1097
631
5989
4854
329
5995
2164
4830
2625
1656
2375
3757
1607
1369
4840
4559
5529
3689
351
2770
5055
1626
4926
5813
2583
4324
5562
1872
1768
3133
4902
1732
2323
3532
4122
4983
4147
716
3569
3626
1686
4798
4583
5990
2820
5493
798
3239
257
3945
2140
3647
4239
3855
2268
473
2556
1488
3169
309
2381
2943
1930
2832
4992
4945
3108
1152
1161
3600
4172
832
4319
4438
2700
1555
1304
6029
3352
987
5037
289
2387
2781
5967
2678
639
687
1899
4679
2790
3356
3645
2710
1187
5589
4776
3384
5996
5448
1631
1067
4791
1799
4581
1293
5356
5533
2308
701
3294
4930
4331
3774
2987
1805
5905
3313
2741
661
5756
245
6009
2321
5848
2684
711
3116
5607
2250
1554
2857
1860
697
1700
2886
3241
2917
548
5734
4152
5579
319
359
42
2243
1796
4265
6010
695
2650
5336
3916
4037
1116
1510
3255
3913
6000
5483
2416
2027
3880
2262
150
3033
5327
3853
3462
4750
650
4736
1506
1690
5509
1437
4789
4326
4611
4893
1984
1798
1192
3582
5114
643
3697
429
3727
93
1960
1374
4225
381
3438
579
4259
1927
2963
4727
2909
4598
2228
4167
5517
828
1251
2523
5381
4616
461
5351
4554
99
2177
413
3692
5176
2200
527
560
3243
3079
1361
1467
375
802
1831
2092
2565
3840
3312
2599
3377
2024
3418
2687
3702
1897
5863
871
2596
5297
2168
4799
1330
2534
2723
3937
2959
905
3478
2905
4371
2184
4649
4009
2875
3260
3742
3919
1867
5649
5259
1384
2223
4263
5930
5814
2490
601
4886
2435
2798
2999
2854
3376
2505
2554
5875
1639
2039
804
2376
196
4675
2457
5671
5154
958
1373
5919
3271
1520
714
1557
2452
702
1989
2532
3505
3074
4501
283
2231
5359
984
1060
4713
237
5574
4653
3696
3664
5681
3071
1016
862
2117
2666
5886
3797
303
3489
2971
1615
713
3970
2139
1704
5204
1748
1362
2146
298
4360
3407
2644
45
2726
3036
4769
5860
1753
3056
849
4936
3316
5022
3153
2165
6058
516
657
4768
3394
1132
533
1948
1675
654
1729
5757
30
4100
1183
4096
1936
2447
2324
4198
2862
1750
2621
2108
414
4567
4758
2485
3281
1425
5744
5318
978
5030
5449
809
1721
4916
1991
5174
2351
484
2181
4088
2544
2259
4585
2611
2132
2813
3750
3424
2731
4164
167
2885
4325
1823
2772
2238
251
908
5762
2352
5136
910
4003
4234
1221
1881
2545
5821
4329
811
4055
2574
4656
5563
4862
1550
1716
1784
4819
2384
2192
4711
158
4402
154
2206
105
4832
2294
1252
5373
3387
2482
3674
4602
567
3211
4545
5548
4382
5387
468
4150
1993
5004
5295
3210
172
2974
3351
4919
2126
427
406
5837
4868
5702
2372
166
1725
3053
1734
2806
3052
751
2852
4607
1108
97
5288
4177
5573
2787
4600
3012
674
3457
4741
5414
100
5412
5207
236
743
5328
4160
452
1592
1705
5861
345
1446
5377
1063
4948
341
3277
5993
130
4446
585
3456
3426
1653
4409
3359
37
3816
2975
679
4560
2317
2978
233
2965
3154
3819
2773
4478
3175
3317
4671
946
5222
2969
5594
2733
5478
5550
5056
2973
4785
1197
2861
3265
2796
3865
4346
3096
3498
23
3519
3076
3604
2747
2942
4955
1188
2212
1949
2469
4336
59
354
942
6065
409
4291
4833
564
5650
945
3282
5074
2131
4913
846
2907
3270
5580
2068
2516
2757
805
157
1411
2815
280
4737
2985
3042
2537
2252
3518
3447
4165
2424
1967
2016
1714
3442
418
3698
4570
2362
980
4620
3301
415
3688
3054
2748
4354
2522
5699
761
4343
4943
1819
5640
3824
5985
4028
5245
1308
4861
653
249
4038
5890
4400
5726
6052
1018
2983
1080
5779
5492
893
3936
1138
2579
3857
5479
3986
4153
976
393
4393
5605
294
4221
3082
5401
1863
3591
3067
4677
5736
2980
184
2807
3058
622
3268
3446
3335
5767
5945
2636
600
2714
5140
3726
5836
145
2337
1228
3826
5727
3984
4361
3721
2630
2008
3473
3038
3190
763
3230
2818
5402
3716
3095
2391
669
852
159
5491
4139
1925
857
4912
550
5519
718
4848
1674
607
3032
5735
1804
1349
5059
2497
4320
1204
3836
5847
3220
3544
4429
4807
2712
3073
1821
4199
4801
5931
3236
3027
2717
330
2226
5143
3898
4555
1165
3525
5269
4961
3488
399
5329
3337
1198
2812
3966
3436
4200
876
3435
5049
2464
2982
1616
724
1053
5435
3333
4520
1121
4025
382
3064
2561
5053
3730
4628
1449
3873
1702
1241
3506
3156
112
1122
3939
2904
4434
28
3314
4638
340
715
5925
128
3161
3661
1916
4732
5961
5802
2841
1503
3
4748
2056
4498
170
2760
5704
149
1255
1276
5984
3713
1457
1945
775
850
4900
596
1698
1098
3047
3540
2255
2266
372
4928
4299
2745
1761
3286
5729
2316
1148
4535
5078
2284
4507
3747
676
921
1835
1497
4082
4755
1225
3779
3724
3110
4863
892
5149
5113
4050
774
2078
2406
3085
5949
520
5906
132
3839
1379
1570
5158
3200
2588
5823
3736
3395
126
2912
335
2053
297
882
4680
1324
733
769
515
3990
5799
2217
5069
2373
3305
6019
396
3311
663
3143
2902
4770
4516
5544
3725
435
614
919
5511
1516
5705
673
5480
1409
4433
5713
4517
632
1975
5917
5133
2210
5243
4155
3613
2029
2889
5523
1532
265
5957
77
5330
252
1215
2094
5262
2374
4692
4550
4110
2930
4504
3168
1163
5889
4646
4780
3285
1367
1460
2842
1742
5606
5920
3410
4235
1073
941
5058
5971
5451
1785
5467
2833
2763
243
4725
2908
746
5032
4313
426
228
3822
2799
5257
5484
1045
4505
3247
767
391
5279
4521
772
1277
4444
3492
620
4351
3646
1676
3987
2688
386
4378
2348
1770
1741
4411
180
3653
1435
6003
4939
5193
278
4722
4353
4399
1107
2573
1387
2676
275
824
4543
3009
3673
2768
3599
1311
1106
451
4168
4546
2981
1624
2783
2297
1747
1213
3070
2115
4476
3103
3188
1217
5502
2946
5280
5389
1194
5714
4715
5267
91
2938
820
5360
4212
1094
3596
2202
5485
4694
4384
305
4682
3402
1882
2826
5929
4186
1637
4906
646
554
2738
1209
1477
1250
2061
1039
1084
2224
264
3090
4788
4977
5691
3920
5067
628
4023
2055
5880
3510
2466
3007
821
5552
1112
5769
3959
1274
1141
5110
3850
732
794
5147
3365
1888
2929
602
753
5079
3072
4462
3868
4637
4562
2080
369
4595
5903
3891
1210
6
3338
3295
4506
6046
2135
4036
4636
3302
2835
4376
1459
1508
5247
3585
5583
3863
343
4341
5559
1434
1531
4244
432
2245
2329
2655
198
2439
2941
2594
1335
884
3057
2458
1715
637
709
1032
1797
4937
5260
3104
443
986
1372
2830
1001
3304
1236
651
4669
2928
1822
2837
186
4514
51
682
18
2492
1645
4747
4756
3996
3516
606
2609
3551
3847
4910
333
1658
3137
5531
703
3798
2051
4392
3086
1937
1265
1865
996
2310
1207
710
104
1390
5488
2052
79
655
5352
5979
5540
4510
4673
2330
2201
274
2682
4988
5746
1052
3327
25
1988
1939
1393
1320
3923
3434
3390
3841
5394
5238
4254
4999
4499
11
788
219
5499
2340
2529
3221
896
433
3015
1242
2257
3837
6040
4927
3055
2390
4176
4389
712
1264
1634
5203
296
223
68
4751
4380
2509
1451
1220
555
5830
2122
2474
1424
2057
422
317
469
4720
2213
5944
865
5684
5878
2562
705
183
4383
1612
1793
5439
648
2800
5025
511
3267
3605
3185
3870
4098
3680
4549
670
3427
24
3101
66
3248
5487
2419
3592
2081
3969
4519
616
390
5626
1191
3577
312
5407
1416
3461
287
5883
4969
5404
1751
3640
1137
3485
825
273
361
4584
3246
1331
4633
1235
1104
4729
2643
5170
3183
1935
4659
5371
3476
1551
4171
1992
930
4356
1386
1535
1333
314
2651
2090
681
3421
3266
5500
1569
4566
6068
1268
4246
5083
5043
970
3159
1037
1630
5285
5554
532
708
1102
338
4623
4264
3097
5024
5399
2990
3879
519
4870
3403
923
851
3638
2273
3290
3310
895
5530
5276
4296
5224
5665
5084
6024
3961
470
998
5911
5180
5497
4133
2519
4181
1769
4634
1946
5630
4315
4039
1573
3494
4227
441
3360
4702
1289
3549
416
5974
5924
0
5700
140
2309
491
129
2935
1383
2305
4962
4663
3371
3714
5052
5652
5255
4998
1779
3309
4448
1764
4804
5616
5026
1427
5168
1368
3320
1518
3215
4102
3206
248
1381
3208
41
2483
1801
1780
4643
3218
4587
2346
5566
619
4243
5568
2263
1173
758
1752
2335
2769
917
1231
3788
5014
5061
4984
897
2062
1336
5656
1599
1055
4071
437
2896
3334
1356
521
838
1707
3245
1851
5755
5963
1605
4440
1879
3892
1720
5210
4214
791
2686
1352
5772
3226
5209
3391
3993
234
1943
3690
1834
4564
5131
990
3422
3171
1144
5683
3815
5685
1342
2766
5956
1581
1136
5789
379
812
4238
4761
3881
5332
4206
5874
5528
1179
3708
2771
270
3138
1556
1452
405
5436
1813
3164
2225
4091
3486
686
4894
3538
5646
2428
5522
1005
556
5482
2866
2066
5358
2552
707
1848
4486
778
2659
2646
5655
699
3523
546
2711
1448
5833
3622
4447
6006
553
1496
3213
1007
2525
1160
1151
1678
787
5701
5962
3251
2960
5849
3425
2037
2752
3628
3274
3595
4511
3875
5320
20
1272
453
1859
1282
4022
3942
3669
4365
4229
1392
2234
10
2558
4058
5970
4097
604
3709
5690
5761
5923
2656
652
1977
992
4095
6066
4641
1979
3940
5603
3075
4328
1857
2157
4487
1431
4425
3231
1043
4359
1254
4170
1931
2795
2829
3699
398
5946
5555
459
2099
5228
2708
5907
334
3100
29
5489
4664
1774
4565
4127
5212
4951
5118
5187
5214
1672
2410
2119
5216
683
1929
90
2724
1038
3556
4523
4882
983
5618
1047
770
4302
2339
3981
2179
3629
1870
734
903
4332
2040
2326
951
5822
4670
4839
2264
3561
3501
4257
1566
5293
2167
4004
731
2303
5248
5066
5547
1317
5615
2548
1171
776
5542
485
512
5044
1726
1091
635
5201
4079
5231
425
2035
1042
574
5834
2102
2543
570
1855
4891
1312
5667
3598
1340
5163
4524
2404
3078
5663
4491
864
4076
174
5664
5725
2802
3502
2542
2753
5197
1128
3023
3417
2627
3111
783
1885
2394
717
1233
5161
530
1418
5354
5080
5152
4379
2819
1670
2828
827
5016
834
211
4398
48
1737
88
3093
3018
3856
119
878
975
2903
3627
3594
5843
486
5003
5064
4996
4424
407
5879
1644
4779
1588
3953
489
5827
4714
107
5183
5424
6011
6002
326
5096
2481
3261
2601
2085
3995
1391
870
5277
3607
2292
5609
6036
2638
4767
5620
1537
3362
3554
3253
1791
439
1017
4454
2101
2152
1712
5063
2218
5784
1861
3829
2154
216
1987
177
1680
3843
1273
807
5591
2811
4410
4362
2584
3229
5395
6015
138
1223
1182
5169
6057
4944
4547
3202
4369
4825
482
4401
5852
2603
1332
1773
5253
2002
4985
3136
1738
4924
4792
1513
5721
2569
1164
2110
1243
5296
2258
2093
2479
3431
2899
1600
5126
2141
4143
4786
1595
997
3805
5897
1219
3465
5760
1240
1147
993
2547
534
4260
4303
1994
2009
1478
5150
5199
2495
974
4415
5265
5539
5240
1299
2592
3991
4929
35
368
612
4901
1125
1697
950
5454
440
446
1500
2269
5780
4666
1290
5954
1286
5268
5884
3917
3278
5345
395
608
5807
3025
2851
4187
389
290
4327
1385
3876
1947
6012
1982
1733
4289
890
4654
2432
3933
6048
6039
6021
4817
2743
902
728
3671
4688
3412
4413
3144
2301
339
2409
3441
1718
121
907
700
4763
95
2022
4942
5572
4668
2480
5446
5972
730
5437
4697
1654
5549
5294
1245
3469
4553
1519
3998
5635
3483
5376
445
5333
819
94
1095
1090
571
1826
3406
1360
605
5828
781
1464
2074
1568
2288
3198
85
5894
2803
1710
742
1353
2478
6023
2448
4078
5179
466
32
6053
1145
4959
5978
3379
5091
4358
2914
2402
5715
5600
4189
948
2396
1378
885
2341
4723
5654
4772
4480
3557
1027
4419
370
4534
3905
2365
4771
3566
4884
541
1954
1208
757
5986
2018
2957
5057
4934
1300
5365
70
1841
719
5896
302
4274
1536
2113
957
1131
4196
3393
999
2272
5006
2893
3509
3926
292
4081
1527
4696
5390
1827
1083
1426
4814
1944
924
191
1309
625
3522
2962
4119
4739
1096
2265
235
4914
1584
592
5457
4940
3884
1395
3783
4495
1229
4853
5791
867
4390
2033
3091
4385
1337
1285
680
5160
208
1952
4931
4408
1117
3893
2370
2732
3755
3759
4047
1526
5717
6027
944
5029
1579
5472
1156
5270
1745
2120
505
5447
3004
2570
1662
500
5785
5291
3821
6004
4345
2742
3364
5342
5968
3543
1072
5824
3743
3546
3885
2616
4883
4190
2788
2759
244
146
2163
2071
2762
6064
5145
5278
2632
5300
5835
4347
2952
638
3454
2761
2892
1815
1636
2460
3610
3068
5469
1968
3811
3449
2968
1363
1262
5938
4561
4625
1226
5242
3299
2171
539
1534
2888
4294
5642
2590
2749
1854
8
960
4270
217
2473
5227
3786
3014
1880
4197
189
1671
2280
1606
4103
4391
4125
858
5249
2613
1524
4532
4492
4709
4217
2333
2658
3588
2591
3765
4310
5122
2524
4213
1562
868
4075
1338
442
3670
2937
192
3195
3915
656
1344
627
3388
5364
1472
1681
342
3276
6071
2911
2924
2014
4907
3810
610
307
1540
5602
1326
267
2870
2342
1366
1298
5344
3728
3550
4629
4950
4035
5388
1679
5440
879
5241
3927
5361
5382
1126
645
4667
4888
2623
3573
392
964
3432
3405
3491
127
4041
1120
5818
5527
3963
483
2215
3844
3954
1325
2363
3562
5987
2089
3827
1978
4859
5806
2274
1463
2716
2334
4338
2557
366
3000
2462
3419
4640
1918
2607
1498
1950
1046
1973
1669
2593
4477
4571
823
3344
1646
1642
886
5543
3678
5103
4503
5456
3155
5953
5403
2817
4995
2304
630
5740
5810
3423
2030
4922
3570
5384
175
2138
4236
1922
5379
2487
4195
353
80
4340
4874
2692
4574
2465
4735
5645
795
2884
4042
5181
5375
5031
3817
735
900
5773
4733
2368
306
5305
786
4044
1066
696
3901
4207
462
2493
3769
2426
4266
364
1760
1318
3120
3652
3250
1525
3866
3651
279
266
3413
2640
2704
2278
1920
276
2186
3389
2814
4831
1765
2063
593
5695
4237
2950
5
2551
5461
478
3182
5273
4140
5284
2821
4698
2555
6050
2628
5794
4828
1507
1877
3545
4464
5826
3700
3318
584
1013
160
1926
2707
6014
5749
1056
5503
2006
1186
1587
1196
4978
1354
2430
5747
2528
4822
2838
1489
3130
2567
1275
4731
5873
5787
2247
5416
4461
200
2041
1515
5171
5468
4764
1708
5234
2737
1224
143
5578
5710
3307
3499
1355
1115
859
2216
142
4
1082
4683
1521
1627
2307
2654
4224
662
5261
5393
2436
1664
187
1964
3353
644
4156
3790
239
2299
5692
5326
1119
4718
1727
2966
4536
4485
524
487
5138
259
39
1529
3862
2535
768
2209
3474
2401
2518
4579
4173
5264
3139
1942
3193
4622
634
5398
2427
3222
563
4836
5040
2359
2207
1858
1351
4203
973
1746
3980
956
4463
3883
4624
3495
3045
754
1026
202
3066
3298
331
2697
2420
507
5188
4086
1788
901
2501
2910
5811
5871
1382
2289
2275
2075
75
5610
3951
3845
1598
5076
2322
4422
4890
3330
4740
2824
2178
4635
3854
1030
4180
1170
1650
5716
1692
913
5965
5976
4878
4282
4352
3745
2182
2349
3643
4881
2794
1574
2036
5521
4084
789
4797
1638
1864
1836
5538
5869
4965
4138
5623
5322
4105
155
4174
3922
5235
1803
6008
3416
5803
2679
5622
3563
1454
2214
1212
3481
3428
1928
4997
4846
2906
1230
1169
5586
3517
2489
1552
2191
2412
2050
2486
1377
3631
4795
3807
5959
2128
3329
207
2356
2461
2918
3711
3534
4054
3974
1199
3113
3146
1694
5177
3219
3118
1015
310
4604
1295
1999
2956
5680
938
5391
1394
2144
3908
1404
3098
3737
2313
1553
3039
4775
881
5809
4115
771
3668
4905
1494
1444
1775
3378
5123
3701
677
2260
4394
3336
3633
254
4250
1958
748
559
5018
943
4018
3484
4794
1846
3761
1051
5308
1249
1074
4306
549
2354
2336
3322
5077
5008
1825
3361
1323
6025
4954
4064
5673
3559
3006
2564
5709
3590
5421
2475
5211
4754
450
1874
1011
3958
1560
2407
3719
5942
479
1575
5298
2282
5882
594
5614
2043
5156
1322
1873
3581
1008
5309
1319
5312
5536
3439
5135
1155
449
835
3092
1345
3191
4453
4540
1127
1628
114
5299
4005
1971
6055
5534
1099
178
3114
3760
1762
5659
3521
4116
934
1328
4576
839
4403
3160
1820
3842
4414
5254
1442
4778
5419
3800
1081
2730
2382
5450
4704
5621
3129
1256
238
5629
2784
1966
2775
6042
678
1608
84
1195
2850
2114
1447
3386
1517
4442
4805
4851
1572
3001
918
873
1471
1283
5383
4810
5486
2019
1150
1
5455
5323
1649
2254
3625
2605
2634
2868
4184
2839
240
4531
4938
5230
3572
5899
4726
