345
1194
2702
1913
240
85
3128
1147
1724
1765
722
1833
1290
527
3616
299
106
3193
3077
2858
214
444
2406
2119
1961
467
2484
1413
1643
3023
1763
63
681
1289
1395
1162
3345
1574
698
510
1971
2850
1331
584
1435
2179
570
1709
208
1988
1416
1133
1538
2197
3459
2129
2599
3514
645
686
2793
622
76
3147
1086
1142
2775
3434
2920
2158
16
858
226
2623
2737
2514
2996
3290
357
1667
786
3566
2159
3206
3090
3640
2480
2511
2169
535
2542
3084
2760
2081
123
2887
3085
503
413
153
457
2766
2341
809
1945
3161
2899
1960
1928
3670
1828
406
2940
375
3119
473
2428
1729
893
2571
937
798
1478
2642
1243
3024
3203
278
326
2313
1862
2705
328
1217
2977
1669
2048
1968
2720
1511
2663
2799
2892
2248
1911
1850
1348
2115
3074
3561
2932
2199
1823
3123
56
3135
2013
1906
1905
3073
3195
69
556
630
1692
3430
1087
555
2845
1329
1832
364
2635
1515
2172
946
2167
3575
816
1613
2057
2353
945
2800
3411
1565
608
3106
610
93
486
780
2095
66
2719
1335
3233
1886
648
3146
2150
2392
1606
2418
546
1476
71
1876
1311
825
3061
3249
2358
922
1770
199
1946
678
2068
1903
2157
1346
249
1025
2014
1105
3020
1546
2339
2125
3461
2407
1772
1969
912
2790
1623
3012
2600
3362
3377
589
2533
932
2231
1173
1008
3586
1799
2347
992
2954
41
3650
1022
1058
1438
3053
961
1085
1
67
3094
1563
487
3504
1456
1031
34
1030
1822
2733
2072
2352
1060
2439
890
1755
1467
3136
381
1372
1403
2942
3512
1288
286
2970
1525
110
1571
3133
1274
1735
2582
599
3563
2059
606
1334
3265
1284
2412
2001
2959
2944
103
186
2946
788
1774
679
158
1405
2446
1811
1871
3664
3004
1397
2327
2213
1757
402
424
3399
1516
2305
2049
2909
2501
3632
1773
274
1548
2583
1343
2927
3371
3501
3388
1076
432
553
3155
1157
1072
1802
2521
1569
3180
2060
714
1296
3397
1140
1134
157
1156
2687
1282
2992
1109
1052
1246
1271
3645
2825
3548
2343
999
3331
2202
2991
235
1764
1677
2472
1800
399
446
3222
2192
3330
2046
2673
2870
1785
482
3150
2030
2814
2963
229
2655
2267
1930
2224
2923
3663
197
2270
284
1108
3185
2587
2676
206
2550
160
3078
295
1165
1373
552
1062
2931
1198
1317
412
3669
191
2056
969
1545
1635
3096
822
1241
57
1410
1330
3369
3582
2027
117
2634
3064
2815
3054
742
2355
397
2545
3083
2080
47
3304
3417
3525
1339
576
830
2965
1523
515
2011
3006
2809
2866
803
1431
2796
2105
3174
262
537
2078
1496
1285
684
933
127
1895
1026
551
2180
1279
217
3000
2816
859
3156
710
2139
2245
683
2985
3427
3275
2880
335
3093
361
1564
1664
166
3368
111
3531
3324
3045
121
3539
3642
1341
562
1082
1754
2563
2971
1256
2865
2567
2530
2377
1340
3474
1607
2709
3032
2181
2024
433
2633
2437
1769
68
1078
1175
3413
2618
1505
363
762
2896
891
2650
1460
151
1543
2966
3042
465
2130
2658
1075
2779
643
2255
1737
2853
3072
171
32
2019
1719
2306
2269
167
414
1559
1443
3594
84
220
894
1741
2070
1044
1529
632
2435
3622
882
1231
3139
1734
2040
1070
2121
2997
2871
1950
321
396
1201
1268
2937
778
2725
3505
3239
1608
2613
1301
24
3221
1352
53
3110
907
2507
331
2745
2047
757
2136
2832
2298
1305
2526
222
162
2547
1633
1612
784
489
680
493
3065
420
2995
1254
403
132
2302
1136
2114
1578
2592
1675
2363
3393
2852
2617
2021
808
2973
2948
2007
2906
2384
3519
3289
1668
2176
2784
3278
3021
3281
1180
3590
1640
2458
530
1897
3618
1980
2901
2744
1304
2385
2090
496
2908
1153
693
3379
2721
1539
811
1314
988
118
1176
3343
1433
983
3253
1657
1027
723
1759
27
1286
597
3513
856
1845
2103
792
2881
731
1360
1810
9
1481
2874
789
2303
1384
3418
1115
133
3198
2606
3105
3151
2641
3063
77
2000
310
1919
1852
2566
2622
1002
3568
2961
3385
2045
525
866
2233
1695
821
1069
1365
3479
939
2674
422
1272
906
995
2247
3597
1392
721
3295
1338
1994
1975
2851
3088
3102
871
1794
2318
2591
3122
1064
1316
1327
573
2488
3363
839
1730
2146
1604
567
2868
1826
1797
371
2749
14
547
3207
1500
3237
2279
592
418
1634
1917
1477
1993
65
3601
436
633
2055
78
2378
1967
1688
2794
2258
2376
708
2242
89
45
2398
758
3167
3052
1527
2677
923
1791
1113
2482
1437
1938
675
1982
348
3528
2440
2457
161
1126
2826
419
2715
205
3651
1312
258
2873
1591
1690
2776
169
21
563
3113
2863
1698
915
1588
929
1888
2395
3374
2219
113
306
2915
2015
2540
833
659
454
2619
3187
593
3274
905
42
765
3614
1323
1427
36
665
409
2261
3149
1014
2271
744
1907
2063
2209
230
3100
339
74
2983
370
1722
2131
3553
1382
3300
1970
1163
3179
2433
1534
2768
1351
1033
2277
3242
2604
384
990
1916
1196
270
699
1490
3264
3485
807
1818
2742
3271
3481
1177
1620
3649
2423
914
2033
1401
1117
2168
1275
1610
3605
3511
1771
26
1007
2342
463
1857
2598
3414
1621
128
1512
1561
2174
1230
706
252
1308
2483
3108
566
2884
2344
2175
1508
1003
2064
2758
194
211
1487
346
2958
3154
193
1507
3284
1035
3325
2917
336
2393
2052
745
880
173
3556
2636
3654
179
787
2460
831
532
502
2289
595
2469
31
517
54
323
2222
2695
3544
1726
2781
1756
2492
3256
394
1510
3089
2230
1549
3336
1710
531
3204
925
317
720
2110
775
1902
1145
352
1218
2864
1264
225
2229
2857
2161
2912
2803
3457
2173
526
3637
1912
3030
682
470
2763
1444
2348
3025
2652
3412
3163
3173
2054
1889
2465
2644
282
46
2075
3486
3509
73
43
2436
102
442
3631
315
3029
3120
96
1739
1611
2960
3576
1789
2691
2640
2411
2177
1186
1680
1114
2145
1412
2785
3555
3186
1483
3408
90
1385
1740
523
1808
2051
163
2934
3038
1276
1012
2162
3352
1184
1689
834
3521
187
935
1777
739
3160
2134
628
3472
2532
1172
1537
1976
3164
2151
1183
1059
2254
2009
2748
1453
2144
1937
559
1471
251
3159
2312
3311
3467
1949
2494
712
2143
1291
2761
1252
3635
2703
2544
3307
267
3549
2203
3581
3523
2660
2595
2274
843
1530
332
506
2275
884
700
313
1480
543
695
1383
568
1792
868
1466
3615
1056
1973
1309
2356
509
3421
2301
1679
3058
694
2217
385
59
1486
2629
2986
1322
2288
3109
2834
198
1216
3129
734
2842
2357
926
3130
79
2118
3215
3244
3634
3606
3466
2811
1292
837
431
627
1415
3477
978
1553
1868
1112
1615
1963
791
1408
870
1932
1855
649
911
3596
1558
3350
1629
107
474
3448
3404
2238
203
3545
1985
2099
947
3117
2528
1450
768
2259
1767
1287
1670
3613
980
3573
3503
3657
1731
2262
1896
1648
508
1927
3014
2771
1875
2234
3209
1965
2696
1898
692
3285
3673
1016
3327
2138
1417
3273
901
1270
1048
1251
200
2142
1987
2022
3205
1992
202
1547
3630
1381
2747
234
3142
1181
3580
3214
3230
1399
1721
950
3355
1103
696
2394
1406
3443
263
3401
1660
3217
3384
3243
1179
2317
1491
2955
512
3247
1250
3177
1782
1526
2952
3153
2268
1521
579
3375
1473
250
20
826
1891
2101
1261
2968
266
104
848
1817
2527
1701
1210
1929
287
3086
2135
760
2993
2823
1187
2061
484
380
3272
1458
743
1247
3498
1370
2449
2911
1720
2573
1718
860
828
2284
449
86
3447
1224
3263
1519
1169
3268
2786
3442
930
2525
2552
1398
913
1107
2847
1839
492
471
1393
3574
1504
2375
1469
283
2426
1071
2370
3420
1630
725
1585
3407
687
849
2026
2450
2351
625
636
3534
1212
400
2422
2102
3334
2990
1139
3219
2246
2688
1752
3416
3098
3312
1827
2665
2697
452
2797
180
1836
3057
3189
2732
949
3382
3665
439
378
2244
1307
1432
727
2731
1354
1160
261
273
3040
1616
862
1225
3507
369
3172
2639
3473
2539
81
404
2890
1004
918
1560
1095
2434
1127
39
2953
443
2330
3
2016
2585
904
1253
308
3127
3182
2323
1116
774
1131
2308
3248
1501
3438
971
3283
3158
2512
1866
3016
2706
2596
596
1781
285
3450
769
1345
126
2388
276
3213
889
207
1804
716
3487
1388
2127
1885
2671
269
1084
2849
382
137
3441
3099
2206
709
2541
456
1096
165
3623
490
1713
2708
1227
2251
2682
3378
2204
62
3170
2107
1164
1596
3470
2132
3216
521
3439
1942
1931
2493
919
2100
3583
1455
818
1577
1104
201
2743
2883
877
1101
3471
2467
2153
1883
2487
3359
408
1479
35
1083
3313
1425
1032
1155
1429
3112
1197
2322
232
8
3036
393
541
865
2972
1092
1057
1077
2225
2141
152
2415
3652
1349
2928
3126
178
578
2253
832
1038
1377
2004
145
170
1263
569
2648
1840
977
3506
302
2491
2802
1653
1602
2164
1513
1402
172
2285
892
2690
3557
3031
2949
1089
1234
1205
2741
3643
196
1362
1877
846
2414
3028
785
2590
3508
2774
664
143
2389
582
2669
3050
528
195
2220
3282
952
1503
256
3339
1531
2140
958
2359
1358
2089
2933
3436
2686
2338
1956
2536
2657
2924
2154
2438
3659
511
2659
2189
3301
867
812
1319
2316
2625
972
1484
2935
216
1659
3520
3515
1600
3257
1978
1644
2137
3540
1226
2888
3415
1581
2693
182
577
1972
3194
2515
1550
534
1042
2895
1337
1440
1597
147
176
1119
3587
3661
1013
1864
2628
3297
1434
1063
212
861
2736
3402
1237
2801
3287
2104
3152
850
227
3422
1650
1135
2994
3306
2939
3132
1067
3049
40
192
2836
2627
2278
2772
2728
1170
2336
2980
3445
938
3262
3465
359
1364
1509
2374
1371
1609
372
1299
2454
1551
1671
1879
2365
1887
1830
1661
711
155
1899
2989
2626
289
2556
2681
2221
268
3366
253
3538
2557
124
327
101
1100
1167
2263
2326
2822
1579
2777
2319
88
3309
3286
3348
1281
2420
3410
2205
1018
3316
1144
998
398
3558
2603
3533
115
2773
3361
2239
139
1090
426
2543
2885
2441
513
501
1786
602
3454
29
819
1920
2999
2452
356
2897
1240
2538
1936
3022
1758
3319
445
3476
3118
1749
974
3562
338
2290
3181
3626
2331
275
587
614
2848
994
3252
1815
2588
674
3495
1080
1447
1995
1851
174
1451
3380
815
737
2069
2309
928
2163
2516
2519
540
2265
2615
2296
1908
430
391
1641
639
3116
1390
2717
3464
542
2382
3232
964
2421
729
3516
2559
1849
3279
1540
58
2486
1544
1321
997
2637
2712
3446
545
943
2459
1555
1727
427
772
2878
3398
417
1872
2936
416
955
985
3433
2780
1375
920
1796
2304
736
3387
1665
616
410
2833
94
453
631
2003
2085
3403
2092
2124
1918
656
1318
3351
1369
2711
3208
2765
1178
2451
878
1909
2956
2349
2907
2097
3228
2360
387
2186
1953
3303
2252
2670
2337
1207
1220
1359
1842
2762
300
2409
2291
1391
1404
1499
1036
2410
2898
1461
3463
2914
1598
2707
2473
3510
1066
2499
518
2226
312
3104
1213
2087
2266
2576
3419
1053
2006
2798
3314
3107
2165
1148
1454
1964
1590
1959
1448
1449
948
1997
646
3259
60
669
2448
2201
2315
3518
183
1091
472
1493
495
1422
2111
2272
1955
2170
2408
936
3432
1068
820
1847
2735
910
181
1567
3184
1306
1138
305
2413
3224
557
3431
2905
2032
3047
3641
1557
242
668
344
3451
3200
3188
3482
1457
3570
1418
3294
2038
2835
1441
840
2810
2902
3478
2820
759
136
1788
204
987
885
3338
2178
726
1161
1861
3211
377
2240
2610
1303
1502
514
2643
2065
1663
72
392
967
1195
2549
1766
19
2910
3440
558
1904
1779
2616
2477
1662
2485
3571
763
1778
2475
638
1881
2821
2654
1647
149
701
2028
3335
863
319
1593
2795
1924
2900
2453
3655
671
1691
1998
314
1137
1150
520
996
1787
2445
1436
1933
2675
824
1673
2381
666
2430
1097
3489
2122
2746
1459
1806
2877
1380
3617
2554
1580
1494
2123
3015
3202
2756
390
984
2778
629
2788
2354
1259
3223
2036
2109
2740
2922
2869
1863
1762
1533
1783
3333
1010
853
3429
1708
213
1642
1255
2012
2402
1041
1793
908
747
265
2366
2872
52
2680
3238
1214
1922
1923
2447
1829
2531
1926
2666
97
1947
2529
869
1206
1605
1599
3625
2427
651
156
3456
2979
3589
3662
962
3644
2010
1407
677
1939
3372
2283
1009
3115
320
2506
1229
902
476
1245
1420
1745
804
2683
185
3005
3599
2945
10
3500
2614
1130
3018
1943
1576
3323
3437
2039
2817
3425
1728
2508
2860
2243
3075
2589
309
764
95
956
2929
2212
1627
2574
1583
1707
842
2560
3358
3201
2346
3547
594
1656
3524
2668
1981
748
1768
3493
189
3406
3349
237
2405
25
3424
2208
3302
2184
516
1683
2112
2182
2630
2314
3639
2518
3293
1651
1055
3254
650
1575
1387
1873
2689
583
2830
1940
3636
3488
887
1280
3612
1628
2210
3196
1023
3299
2228
2295
2752
1017
653
2562
2856
367
670
1045
3296
3261
488
2978
405
986
469
1488
896
647
1426
2053
13
3141
1867
1556
464
2481
590
2478
657
1151
968
1809
241
3276
3037
1386
3554
2368
536
1300
3546
690
2584
3165
1892
1825
257
2093
1999
33
1954
1242
154
17
480
1223
1702
539
688
3595
3134
61
2497
581
3321
1941
662
2299
2975
795
188
22
2216
1326
2218
524
1118
1474
740
1219
1631
1367
876
1328
1239
1625
3527
3008
963
2297
2976
3453
3070
407
1841
435
1211
1638
3633
1869
2404
2981
3140
2792
3124
1221
623
761
2577
1696
2555
441
2156
2569
3048
3452
3051
1535
3551
585
2386
209
3367
1310
2653
218
941
1019
1742
2431
3044
1568
2300
164
3017
2751
1120
146
823
2335
2594
2463
3394
615
1725
1652
2160
2537
1882
2307
2390
1464
2827
1333
105
1686
1983
1414
3092
519
301
1342
667
2419
3484
1079
586
2399
1277
3183
3344
3550
221
3392
1744
2018
2391
429
1570
3069
3365
2096
1497
507
3002
1522
307
2894
1293
2879
142
1498
411
1666
2548
550
360
3175
3236
2755
3091
2379
3009
802
2564
291
2684
3322
2117
1632
3648
1132
2951
598
1536
1711
1011
3210
790
1368
1901
724
953
3671
3148
2332
2647
3169
2148
2193
1723
1258
3522
322
717
1363
2969
637
1228
1541
293
652
3591
3246
554
2042
719
3220
2791
2919
75
613
1601
2502
2713
1784
810
560
3564
2962
3491
1489
1492
1015
3067
564
477
1935
51
854
3462
460
2729
3354
940
3266
776
2235
3320
2364
603
1222
899
2281
607
343
1125
504
3199
2041
37
1051
2813
2397
2249
1203
857
3178
505
1636
2260
108
672
2893
1021
1006
702
872
921
2631
1123
64
1646
644
691
3125
2767
458
1816
970
1463
3080
2321
3145
1798
604
1128
2841
3543
3250
231
2424
374
2456
255
3191
3138
1962
3532
325
617
1260
1320
260
1658
2722
223
1111
379
354
2846
49
3647
2250
1573
3529
689
3494
2066
1266
3308
450
2149
3621
732
1344
3332
1102
2699
1154
2698
2661
2828
2984
3593
3588
801
3317
349
2718
2058
190
1001
271
3212
30
2002
3292
782
3280
973
1846
2292
829
1238
2362
2580
272
1996
2750
3619
330
2886
836
2214
1751
1860
1831
1355
3255
3225
1192
2387
1295
3227
2345
1265
1717
2086
642
1047
1446
3166
347
2679
1715
2094
3449
2520
2838
3428
3667
954
497
976
1805
1171
3079
3666
2882
2371
2466
1672
3007
304
425
447
2876
574
2620
900
1374
2597
3542
847
591
3192
951
705
3270
3658
3143
239
1736
2443
2859
498
1366
3396
2651
601
1694
3056
138
2694
3572
451
1514
401
2692
479
134
246
2116
131
1738
2517
1209
2581
1874
3034
658
365
3585
2701
2753
873
1332
1423
2073
2195
2417
3624
619
2320
2191
2535
3552
529
2084
3660
1378
1714
924
438
751
1853
1951
2442
3114
3444
2190
1790
1050
1803
572
1174
1200
676
2396
1748
294
389
797
3046
2950
561
2685
341
1379
1819
1760
281
715
254
1325
3131
368
874
549
144
3043
1159
3062
468
1428
2716
3111
3251
618
2903
1554
2037
2840
746
1073
1712
2464
1958
1356
1589
3258
3231
1409
2147
3541
1674
2062
813
2074
1979
2276
3001
565
3011
1552
99
1856
960
3376
1028
673
2400
1844
3390
806
3082
3578
544
2974
3458
1594
175
2293
3055
3176
2155
548
580
1617
993
1900
991
1074
2609
2215
2035
483
875
3608
3162
80
3357
